1208060734567751741
1197231584139554826
1206988055119134740
1259889297750753330
1235677956081193122
1211711222421000273
1379112961917849682
1250917363029639230
1298754082936193046
1266784878003753107
1306346115020357775
1234548085238272122
1230628020214173831
1234896994674278491
1207399745031770152
1224393489945722954
1204855126045753434
1111409492618383531
1371841935689388126
1321572334578171914
1349116951959441450
1235235339501830145
801875196801450045
1116140644851789975
1116140945725980743
1111409967057076256
1111409773418655904
1111410391080239155
1111378288468828160
1111410154253074524
1111411115746922496
1111410544839229490
1111411581499232306
1111385718158270505
1111410770606047232
1111411652542333018
1212088340937969664
1111410991436156928
1161764746819805215
1055560605626544218
935889733337362482
1194085035389747280
1176889736636407808
799672011814862902
1055545363832000543
1176889641547333683
1193944943308316752
1171535129018126417
1214915877854519338
1211828666741563513
1201966883625238598
1055559544773816320
1129568884840734891
1213178598291279892
830074366955880479
1336756625809342636
1367990099601526814
1402116209402712285
1384956145956945920
1385029279783452855
917906456261578792
1421224224680316958
1176889798313660476
1192888943616733204
1176889593136693339
